3000    3000
3001    3001
3002    3002
3004    3004
3006    3006
3008    3008
3011    3011
3012    3012
3013    3013
3016    3016
3020    3020
3027    3027
3028    3028
3029    3029
3051    3051
3052    3052
3053    3053
3054    3054
3055    3055
3057    3057
3058    3058
3059    3059
3060    3060
3061    3061
3064    3064
3066    3066
3069    3069
3071    3071
3072    3072
3073    3073
3074    3074
3075    3075
3076    3076
3078    3078
3083    3083
3085    3085
3086    3086
3087    3087
3088    3088
3089    3089
3100    3100
3102    3102
3104    3104
3105    3105
3106    3106
3107    3107
3108    3108
3109    3109
3110    3110
3111    3111
3112    3112
3114    3114
3115    3115
3116    3116
3118    3118
3119    3119
3124    3124
3125    3125
3127    3127
3129    3129
3130    3130
3131    3131
3132    3132
3134    3134
3150    3150
3151    3151
3154    3154
3156    3156
3157    3157
3160    3160
3161    3161
3162    3162
3165    3165
3166    3166
3168    3168
3169    3169
3173    3173
3179    3179
3180    3180
3181    3181
3182    3182
3184    3184
3185    3185
3186    3186
3188    3188
3190    3190
3191    3191
3200    3200
3201    3201
3203    3203
3205    3205
3207    3207
3209    3209
3211    3211
3212    3212
3214    3214
3215    3215
3216    3216
3217    3217
3218    3218
3219    3219
3220    3220
3223    3223
3224    3224
3225    3225
3226    3226
3228    3228
3231    3231
3233    3233
3234    3234
3237    3237
3251    3251
3252    3252
3254    3254
3257    3257
3260    3260
3264    3264
3267    3267
3268    3268
3269    3269
3270    3270
3271    3271
3272    3272
3274    3274
3275    3275
3276    3276
3277    3277
3279    3279
3280    3280
3281    3281
3282    3282
3284    3284
3288    3288
3290    3290
3300    3300
3301    3301
3305    3305
3307    3307
3308    3308
3309    3309
3311    3311
3312    3312
3313    3313
3314    3314
3318    3318
3320    3320
3322    3322
3323    3323
3325    3325
3327    3327
3328    3328
3330    3330
3332    3332
3350    3350
3351    3351
3352    3352
3354    3354
3358    3358
3359    3359
3360    3360
3361    3361
3362    3362
3365    3365
3366    3366
3367    3367
3368    3368
3371    3371
3372    3372
3373    3373
3374    3374
3377    3377
3378    3378
3380    3380
3383    3383
3385    3385
3386    3386
3387    3387
3389    3389
3392    3392
3400    3400
3401    3401
3403    3403
3404    3404
3406    3406
3407    3407
3410    3410
3411    3411
3414    3414
3415    3415
3417    3417
3418    3418
3419    3419
3420    3420
3421    3421
3423    3423
3424    3424
3428    3428
3429    3429
3430    3430
3431    3431
3432    3432
3433    3433
3434    3434
3435    3435
3436    3436
3443    3443
3446    3446
3450    3450
3451    3451
3452    3452
3453    3453
3454    3454
3455    3455
3457    3457
3458    3458
3459    3459
3460    3460
3461    3461
3462    3462
3466    3466
3468    3468
3469    3469
3470    3470
3471    3471
3473    3473
3475    3475
3476    3476
3478    3478
3480    3480
3481    3481
3482    3482
3500    3500
3501    3501
3502    3502
3503    3503
3504    3504
3505    3505
3507    3507
3515    3515
3516    3516
3517    3517
3518    3518
3519    3519
3521    3521
3522    3522
3523    3523
3525    3525
3528    3528
3530    3530
3532    3532
3540    3540
3541    3541
3542    3542
3543    3543
3544    3544
3551    3551
3552    3552
3554    3554
3556    3556
3557    3557
3563    3563
3564    3564
3565    3565
3567    3567
3570    3570
3571    3571
3572    3572
3574    3574
3575    3575
3577    3577
3584    3584
3585    3585
3586    3586
3588    3588
3589    3589
3593    3593
3600    3600
3601    3601
3603    3603
3604    3604
3605    3605
3607    3607
3608    3608
3609    3609
3611    3611
3612    3612
3613    3613
3614    3614
3615    3615
3617    3617
3619    3619
3620    3620
3621    3621
3622    3622
3624    3624
3628    3628
3629    3629
3630    3630
3631    3631
3632    3632
3633    3633
3634    3634
3635    3635
3636    3636
3637    3637
3638    3638
3650    3650
3651    3651
3653    3653
3654    3654
3656    3656
3657    3657
3658    3658
3659    3659
3660    3660
3664    3664
3665    3665
3666    3666
3668    3668
3702    3702
3759    3759
3760    3760
3768    3768
3770    3770
3771    3771
3773    3773
3775    3775
3778    3778
3779    3779
3781    3781
3814    3814
3815    3815
3816    3816
3817    3817
3818    3818
3819    3819
3823    3823
3863    3863
3866    3866
3867    3867
3868    3868
3900    3900
3901    3901
3904    3904
3950    3950
3951    3951
3952    3952
3953    3953
3954    3954
3955    3955
3957    3957
3959    3959
3960    3960
3961    3961
3962    3962
3963    3963
3965    3965
3966    3966
3967    3967
3968    3968
3970    3970
3972    3972
4001    4001
4004    4004
4005    4005
4010    4010
4011    4011
4012    4012
4013    4013
4018    4018
4019    4019
4020    4020
4021    4021
4024    4024
4025    4025
4026    4026
4027    4027
4029    4029
4030    4030
4032    4032
4033    4033
4035    4035
4037    4037
4038    4038
4051    4051
4055    4055
4056    4056
4057    4057
4058    4058
4059    4059
4065    4065
4067    4067
4070    4070
4071    4071
4072    4072
4073    4073
4074    4074
4075    4075
4076    4076
4077    4077
4078    4078
4079    4079
4082    4082
4083    4083
4085    4085
4090    4090
4092    4092
4094    4094
4096    4096
4098    4098
4099    4099
4100    4100
4101    4101
4102    4102
4103    4103
4104    4104
4105    4105
4107    4107
4108    4108
4109    4109
4110    4110
4111    4111
4112    4112
4113    4113
4115    4115
4116    4116
4117    4117
4118    4118
4121    4121
4122    4122
4123    4123
4124    4124
4125    4125
4126    4126
4136    4136
4139    4139